1291
937
739
921
495
1037
2050
1227
711
1137
1685
2803
1425
1419
1159
1149
971
694
1412
808
1431
2238
965
2677
2188
1996
1608
1187
1564
1424
2160
3397
2620
1280
1740
5039
2006
972
1450
2953
1353
2848
1526
3963
2069
1490
1591
1696
4152
3323
3846
9254
3311
6803
2508
2227
1334
4422
1185
3510
2068
1770
1629
2190
1390
1568
2962
2315
1757
1405
2181
1131
1468
3536
2578
2370
1133
1682
1835
3115
1117
1908
1835
2396
2008
1714
2002
1005
970
2343
1236
836
1435
1357
1247
1108
905
1058
1125
2144
831
1143
1649
1103
987
2360
1407
2355
2460
1716
410
