1258
329
312
39
168
364
102
765
1182
1571
1204
956
7852
2208
1154
1581
1348
738
986
1326
1473
1710
2222
1052
2078
2907
2738
887
2645
1138
1273
2052
2798
1405
2250
1872
1927
1265
2537
1719
1287
1513
2967
2220
4448
5195
2296
2878
3806
1685
4068
5049
4709
1968
3819
6016
6202
1019
2191
1873
2649
1483
2318
1287
1209
1797
2865
1776
4037
5448
2626
1711
3551
1307
2257
1427
1309
2038
1832
4132
2352
7053
4758
2470
1584
3476
2116
911
2314
7804
4728
3084
2058
3265
802
1245
1458
2128
1336
2561
1780
1241
1793
1271
2026
1360
775
1100
1740
1484
798
1338
1488
1240
881
1629
875
1535
1418
1395
1612
1547
1845
1417
2427
2291
1131
3167
1165
1146
639
1744
