4146
1767
2206
2853
2277
1448
1248
2340
1366
1780
3681
1923
2139
1315
1243
2588
2026
991
2725
1604
2811
3160
1506
2120
1240
1766
2596
1197
1212
1719
1652
1320
2227
1855
2176
2737
1618
1857
2362
2296
2226
4845
3981
3876
3365
3220
3000
2400
2994
3782
4177
4663
2169
1874
2173
1396
1912
3284
6416
1404
1433
4364
2293
15851
5520
6390
3337
1441
2703
3514
1381
3473
2902
1801
1734
3575
4242
2999
8016
5158
1730
3070
3743
3686
3166
4745
5230
4558
4538
4859
2109
1356
1220
2454
2264
1436
1273
6138
3026
2902
1765
1961
1937
1315
1290
5774
1716
3907
2374
4965
4133
4984
2924
3815
2805
2169
3500
3072
3387
4151
2101
4936
3788
2775
1265
2041
5402
2468
6409
4635
3476
2858
5949
4660
2822
3914
1577
1629
1689
2441
2497
2844
1795
2011
1280
670
2177
2203
3497
1907
2552
1408
2311
1394
2428
2500
1295
401
2467
1380
1811
2214
1007
1031
1711
1870
2163
2205
995
895
1289
2374
675
3182
2246
1476
2181
2219
2940
2721
1895
118
