chr begin_pos stop_pos stat pval qval
12 2.284 2.345 11.1591921945491 0.0001999600079984 0.0407918416316737
14 99.656 99.763 7.68771786111253 0.0001999600079984 0.0203959208158368
11 130.778 130.896 6.11693651117132 0.0001999600079984 0.0135972805438912
8 143.305 143.358 5.9673667590919 0.0001999600079984 0.0101979604079184
12 99.35 99.693 5.39698520793297 0.0001999600079984 0.00815836832633473
11 134.245 134.281 4.59989138068565 0.0001999600079984 0.00683196693994534
11 131.365 131.403 4.57300989607174 0.0001999600079984 0.00588453737823864
8 38.022 38.311 6.91323235352428 0.000399920015996801 0.0102979404119176
3 2.429 2.577 6.04746536586592 0.000399920015996801 0.00915372481059344
1 30.404 30.482 5.75558708270745 0.000399920015996801 0.00823835232953409
14 104.006 104.364 5.49996771635374 0.000399920015996801 0.00752576757375798
14 30.015 30.191 4.95939132928747 0.000399920015996801 0.00689862027594481
11 63.587 63.826 4.76854878491752 0.000399920015996801 0.00636795717779521
10 104.384 104.973 4.46409659458023 0.000399920015996801 0.00591310309366698
11 113.287 113.451 4.24337144527447 0.000399920015996801 0.00551889622075585
2 22.426 22.759 5.14064324874516 0.000599880023995201 0.00776094781043791
2 233.548 233.819 5.13702380588888 0.000599880023995201 0.00730442146864745
3 52.528 53.1 6.34542974719131 0.000799840031993601 0.00919816036792642
1 150 150.165 5.35443456928909 0.0011997600479904 0.013071069996527
20 49.598 49.636 5.09694294275193 0.0011997600479904 0.0124175164967007
11 133.806 134.102 3.63043590572845 0.0011997600479904 0.0118833376181906
3 36.843 36.905 5.67453553698506 0.0013997200559888 0.013233716892985
7 137.047 137.094 5.30611116283467 0.0013997200559888 0.0126583378976379
16 29.925 30.018 5.40211155616188 0.0015996800639872 0.0138638938878891
15 84.695 85.398 4.5109352419057 0.0017996400719856 0.0149730053989202
7 1.856 2.498 4.3926232840731 0.0017996400719856 0.0143971205758848
6 166.988 167.003 4.23857835604391 0.001999600079984 0.015404326542099
15 91.406 91.432 4.09941176692988 0.001999600079984 0.0148541720227383
12 2.404 2.532 3.87995720861108 0.001999600079984 0.014410910921264
20 48.092 48.153 4.67367135072884 0.0021995600879824 0.0153969206158768
3 63.805 64.007 3.72834071010785 0.0023995200959808 0.0162548135534183
21 15.842 15.848 2.33561187218603 0.0023995200959808 0.015746850629874
2 200.009 201.308 5.12025094238606 0.0025994801039792 0.0165421461162313
11 130.662 130.76 3.11740755846929 0.00359928014397121 0.0223367091287625
11 124.606 124.656 3.06895968525079 0.00379924015196961 0.023012540349073
22 39.946 40.104 5.20580044427721 0.00399920015996801 0.0235508453864783
20 43.561 43.731 4.43222793306953 0.00399920015996801 0.0230224225425185
5 151.924 152.356 4.12787447648623 0.00399920015996801 0.0224165693177154
5 137.834 137.963 3.89093134125623 0.00419916016796641 0.0229338747635088
19 50.066 50.189 3.65500951869778 0.00439912017596481 0.0234253149370126
12 122.776 123.915 3.63143291806251 0.00439912017596481 0.0228539657922074
10 18.53 18.774 3.63429348518662 0.00499900019996001 0.0253520724426543
2 193.117 194.69 4.54043505478838 0.00519896020795841 0.0258738949884442
11 112.823 113.287 2.86650448135994 0.00519896020795841 0.0254040101070695
6 27.297 28.301 3.71581655418827 0.00539892021595681 0.0257948410317936
19 19.352 19.804 4.80067104337128 0.00599880023995201 0.0280378706867322
19 49.093 49.251 3.41075413694822 0.00699860027994401 0.0321637800099555
5 60.484 60.919 3.33474027911404 0.00699860027994401 0.031493701259748
1 154.821 155.026 4.3043825976789 0.00719856028794241 0.0318793384180307
16 9.873 9.976 5.43696718910185 0.00799840031993601 0.0347130573885223
20 37.261 37.503 4.56117709219878 0.00819836032793441 0.0348832194345445
4 118.642 119.055 3.55189278359356 0.00819836032793441 0.0342123882915725
6 25.761 26.503 3.39776618211907 0.0107978404319136 0.0444137587576824
12 91.981 92.471 2.98804686242296 0.010997800439912 0.0446021906729765
7 24.772 24.784 3.38017092196614 0.0113977204559088 0.0453836505426187
2 73.179 73.849 4.32292788747731 0.0123975204959008 0.048483160510755
