924
1918
1538
1066
1900
1234
2320
1635
954
3021
1086
2382
917
4156
1485
531
1861
854
1695
1847
2673
1485
1308
1139
884
1005
1311
1699
1196
923
1436
1582
1515
1427
1317
1596
1120
1746
571
1686
1824
1483
3211
2920
2820
1372
4761
5093
3105
5224
2044
2652
2052
1605
1159
1413
1160
2409
2630
1058
1227
1821
1909
3002
4116
3088
3996
2484
5174
6119
4409
2151
1034
1860
2644
4152
3967
4046
1058
2299
1514
989
1390
972
1509
4563
1829
2618
3918
1640
1912
3663
2787
1730
2880
1498
2273
2082
2925
2133
2023
1067
1237
1371
1303
1295
1103
879
2178
3178
3017
1923
1683
1145
900
2076
1590
896
1658
820
1060
410
240
1254
2652
2493
3309
2618
3302
