2827
962
1586
3976
1586
1663
2532
1812
2358
1875
1705
2312
884
1474
1344
3408
3384
1440
2414
2294
2489
2120
3228
3504
1212
1428
2850
2475
3948
2291
3226
1958
3514
1861
1690
1618
1941
2631
2508
1850
2992
1954
820
2703
1720
1406
1992
2692
1134
1916
1451
1433
1847
1493
3030
4064
9447
2165
2419
1341
1532
1643
2013
1739
2661
975
845
1423
1760
1594
933
2147
2474
1313
1704
2392
3464
2489
4963
3416
2283
2493
5201
2319
4160
7027
1473
5520
1605
1753
2811
4031
3249
3603
3200
2655
3258
2099
707
1657
1796
3313
2526
3086
1818
1081
2690
1779
1455
2643
2350
2433
1829
1294
1735
1648
1513
1023
1006
1370
995
1315
2072
1111
1552
2550
2783
1494
339
2528
5319
684
