2184
675
1594
682
3242
1419
1957
1173
1362
1081
822
1007
1215
1386
1403
1466
1150
1661
1144
995
884
1319
657
1507
2055
1428
1177
1624
2664
1046
882
1019
1424
1891
569
406
2314
2267
3756
1956
3750
4861
2610
2831
2577
1679
3137
2779
1976
5204
4405
2322
3055
2706
5081
2934
3159
3171
4708
5291
3929
5648
2498
2670
3664
2155
1448
1483
3001
3679
1906
3391
4219
7191
3060
2433
3000
1941
2075
2159
2053
1892
3618
1438
898
3481
1916
1737
2494
3479
4074
3453
2195
2613
2101
2882
1669
2029
3690
1709
3080
2799
2360
1152
642
1973
1407
997
2613
2070
981
1322
1771
1568
1621
1967
1661
1795
3529
2302
1695
