2970
5173
2358
1638
1624
1859
2164
1576
2006
2016
1005
1636
1725
2071
627
2558
859
931
896
1144
2201
1530
1800
925
2002
1989
1170
1723
1983
2403
3719
3283
2859
1004
895
1346
4174
2268
2650
3033
2484
1633
3095
2529
1942
6175
3550
4252
2799
2360
1273
2236
1515
4499
3673
1732
3505
4088
5039
1874
3060
1311
2894
4399
2933
5341
3100
2400
3459
3511
1594
1528
2086
2468
2271
1551
4525
4203
4273
5490
3513
1848
6670
3918
8281
1820
3297
5304
5937
1397
2733
2432
1860
4040
1341
2676
1536
3635
1819
2838
1667
3163
2265
1499
1544
4047
3565
2215
4725
2117
1856
1734
2954
10304
3195
2984
4059
566
2837
476
6531
6894
4152
5727
3107
2336
2493
1775
4270
3649
3948
1501
2564
1452
3416
4098
2279
4840
5551
4848
2733
2179
1138
1189
3776
5360
5516
5104
2933
3790
2293
2541
2647
4563
1340
1883
2258
2123
4327
4767
3845
5852
5389
3831
4238
2347
2316
5030
4260
2713
2176
3034
5571
4442
5106
3772
1297
4111
8503
3820
2808
3925
4000
3605
3380
1843
3598
1892
1060
4567
1200
2833
1827
1877
2693
4569
1139
5707
3361
2528
5075
4607
6194
7242
8325
3710
1402
733
1546
4651
4573
3843
3523
4832
3954
4784
1754
2607
1437
708
4160
2112
3705
6247
2407
3077
4579
5334
2464
2196
1187
1881
2468
2295
2199
1287
2908
1208
1871
2229
2512
2966
3570
3188
2448
2000
2303
2894
2942
1882
3308
1514
3154
2872
2431
2583
960
1635
1956
629
1314
2169
1509
2357
2029
1739
3096
1360
1543
1323
1368
1501
1649
2511
4670
