869
2006
1569
1136
1122
896
2659
1521
1808
1508
1296
2874
492
2380
1446
785
1936
1955
1020
2921
2816
3319
2742
2211
2246
2100
2300
1815
2214
1674
2310
1217
1226
3933
1779
1629
4171
5817
1548
1260
1495
3255
1994
1415
3665
1541
2771
3190
3305
7272
7272
8977
8978
7883
7884
10351
10351
4359
4196
3511
2646
2161
3706
2333
2673
2879
2855
852
1576
1173
2971
1108
735
1585
4066
2219
2949
3898
7437
6513
2541
2943
4446
6824
8241
8247
7455
7081
7955
7069
4137
5573
3237
7463
4700
8733
4478
8124
6121
2646
8656
3221
2568
3967
1197
2119
2466
5245
3637
4496
6019
2976
4868
2233
3928
5940
5511
1730
980
2256
2392
2411
1911
4140
2026
5044
3290
4659
6799
3960
7245
7334
4441
2892
1331
2333
1907
3794
3407
3214
2455
2498
4228
1753
2437
2978
914
3143
2497
1620
1999
2374
1724
2326
517
5742
3872
2055
2016
4786
3822
3070
1827
1591
3472
1676
2340
1556
1716
2511
2383
2585
3626
1918
1349
2946
2129
1844
2692
3690
3847
2589
3977
1369
1496
1712
3089
2093
2146
1423
1193
3393
1617
1253
2472
792
1514
2806
2539
1786
3679
1555
3568
1591
