3981
4826
1277
3193
2092
905
520
1026
1597
2324
2209
2339
1141
2027
3142
1549
1646
2725
1390
3233
1330
1298
1240
1862
2530
2085
955
1612
1811
2460
2052
1922
1946
2392
3190
2402
788
2295
3820
3099
2593
1551
2554
2899
3286
1261
3222
1628
3003
1557
1865
2515
4709
5745
1839
4057
3662
6984
8731
2274
5033
7526
7521
4961
3431
6169
6566
2297
2822
2187
3006
2506
1030
2491
2616
3677
2835
5432
2368
2777
5868
5852
5794
6216
9817
4583
3671
2715
2940
3904
1614
1788
1872
4617
2987
1358
1597
3370
2214
2799
1273
3201
3195
1951
2100
2514
1503
1800
1362
907
1661
1355
1566
1320
1264
1669
1347
2424
2569
1388
1812
871
1468
2441
2422
1361
2274
2001
1980
2818
