5386
3088
3674
1687
1952
3933
3036
1811
2789
2429
4532
2523
2841
1068
1391
1264
1751
1981
3872
2424
4912
2191
4757
3202
3098
1625
885
2528
3031
3593
1472
2377
3619
1601
4582
1940
2345
2817
2064
2141
3970
4273
2201
2220
2662
4262
1819
1429
1658
2155
2466
1616
1934
2159
3987
3629
2004
4766
3169
2139
1416
2517
3020
4876
1514
1398
1938
2842
2651
3937
2499
4740
2879
1905
5761
3098
3623
3152
5549
6433
5805
6910
9993
13476
6227
4605
4391
2430
3161
3978
2530
2240
3970
4079
2189
1835
2476
3130
2298
2716
2454
3788
3092
6899
5735
3288
5804
1915
2774
2974
2774
3216
2168
3743
2815
5292
3753
4958
2385
5154
1762
1692
1576
2539
1210
5067
2677
4155
2948
3425
4210
3818
6007
5207
3461
9187
6272
3920
4220
3447
1824
1732
1385
1902
4805
3517
2596
3304
2510
1336
1638
1737
1591
1271
2125
3706
887
3355
2629
3504
4995
3037
3027
1887
1664
2704
2263
2715
1377
1364
513
1854
1785
691
2085
1821
1429
1433
1200
869
1838
1433
1295
860
1192
1491
4026
2189
2113
4054
956
