3935
3656
2010
1711
2029
2837
2515
3274
3147
2059
3296
2308
2533
3026
2747
4370
2224
2164
1651
2389
1964
4190
5098
3478
2903
2287
477
114
176
2845
3025
4523
5881
3257
3941
2892
2472
1728
3416
3245
2081
1157
2561
2119
3396
2430
777
1962
1885
1484
3982
3534
1658
2796
4484
3186
1278
2449
1382
1905
2982
5394
8689
3015
1101
2206
4229
2948
2447
3685
9080
9081
4486
3570
3359
3168
5258
4944
2939
1491
4030
2189
5682
5205
5041
4151
2156
2787
1707
1295
4075
704
2271
1447
2129
1925
3267
7534
7620
3754
3285
3035
6609
6602
6177
6048
5862
1862
3467
2811
3226
1908
2550
3316
1577
4517
1460
1199
1568
1943
2070
5717
3807
4641
3073
6867
6441
10017
2245
2148
2314
2626
3781
4163
2523
2923
953
1452
1688
918
2463
2470
1147
2021
1323
2356
1621
1445
2134
3770
3568
2037
3322
2372
2794
1422
3375
2756
2740
4831
3490
2123
1006
1170
1059
2109
1477
1816
1931
1922
1139
1574
3886
2541
2258
1074
