4446
2952
2071
4375
920
3719
1578
1972
951
2291
1251
1286
525
944
1383
1290
1246
1069
1718
2201
729
2207
10876
3181
2809
5195
2672
3622
4456
1536
2067
2273
4792
1579
5383
3026
2714
3832
2904
1550
1653
1087
2480
879
1258
2019
1980
4747
4148
4042
3957
4418
4417
2990
5171
4904
3765
1671
2557
2255
4613
1199
1444
2710
2375
6389
6392
6756
10925
2912
1738
2094
3764
1387
2504
3593
7199
6197
3110
5302
7257
5356
4468
5576
8382
4170
5350
2464
3940
3683
2583
2710
3233
3521
3500
1753
2887
2288
1076
2205
3592
5046
4255
2072
3283
5474
5826
4406
2641
2595
5852
5556
4260
4530
3056
4326
3891
4760
3041
2660
3752
2184
1834
3934
2314
1631
2814
4891
6635
5757
5892
3502
3288
4921
5627
3764
5090
3943
4506
6577
6291
4811
3518
3720
3925
3071
2017
2606
1101
2095
2990
2870
7488
1987
4438
2116
4336
6630
1976
1513
2071
2429
2649
2435
4418
5187
3919
3735
4741
4144
3028
2025
3975
2523
3712
4427
4854
2125
2907
4452
4039
4220
1916
1641
3218
1701
2519
2595
1206
1823
2850
2769
3377
2877
2165
1526
2119
1661
1367
1878
1007
2037
1894
993
1981
862
2078
1959
1257
1296
2029
1582
1750
2629
2385
2928
3029
2996
1867
246
