5304
1598
2615
1533
1546
1473
1305
1601
2375
1174
1874
804
1958
1585
1273
2150
2600
2169
3095
2098
3187
1820
1337
1752
955
2354
1402
5847
2308
2326
3568
2212
1908
2488
3765
5471
4205
3328
3311
4783
3247
3999
3463
3560
6901
2866
1771
1610
757
735
2288
3164
840
3263
1772
4616
1244
3254
1970
1902
4903
7865
16597
4985
4016
1902
4652
1788
2190
3256
4341
6395
2065
5662
3125
3773
2507
2965
2344
2119
3511
3477
2255
1278
1279
1507
4218
1203
1943
1899
3104
741
3226
1562
3871
2276
2428
2704
1451
2828
8331
5173
1733
3904
3811
3162
2651
4299
5065
6685
11321
1938
7495
2984
2128
4010
5406
2839
3834
4547
4931
4155
2085
3048
1534
3578
4455
5694
6240
2160
4242
2680
1878
2577
2004
2844
4059
6462
8294
1888
1901
2777
893
2415
4594
4601
4340
1530
2417
803
1488
3992
3935
2595
1937
1807
3267
1909
1666
1268
2607
2003
2217
6063
4615
4017
5301
4310
2669
1990
4905
2148
2840
3267
3610
1314
1805
2693
1338
1954
1796
791
1822
2418
1338
1701
2228
1075
2228
1641
1500
766
2007
1507
1660
1269
1512
1131
2334
1632
2518
1930
1792
2589
938
3006
2384
1269
1831
