3450
2181
1260
1086
2817
589
665
2553
1591
1824
1454
1618
1158
1264
2768
3661
3641
2492
1430
2434
2146
1525
3502
2386
2417
7138
2817
1115
1472
2359
884
615
2100
1893
3345
2073
3945
3539
2338
2424
1702
1957
3792
2084
3094
2157
2833
2471
3185
946
2461
3120
1255
2524
2027
5620
7092
4274
2446
5140
3890
1984
2674
2125
1160
2270
1007
141
3735
3107
3077
3294
4411
2628
4921
3427
1724
3027
1208
1716
1400
3053
3321
1802
2297
6093
2082
2433
1514
3109
3295
1006
3108
1814
2420
1679
3207
3932
1577
3530
2344
6040
3572
5540
2596
4615
2135
2187
5347
2995
5730
3333
4219
1963
3899
2467
1244
1735
2010
4167
2656
2499
3115
3224
3005
1808
2058
936
2818
3888
801
3206
4140
1766
1701
1476
3939
1944
2873
2806
2064
3492
2765
2410
2663
461
1453
2607
162
2176
822
2448
1614
1289
1374
1709
1303
1788
490
1056
813
1545
1315
987
1134
1826
1071
1348
3857
1286
