1345
1598
1205
1734
654
1229
1144
2352
1211
1378
1365
1131
855
1268
1783
1968
2038
1358
2158
1982
1234
1119
1584
248
963
1505
1956
1856
1037
1952
3163
3359
1379
3876
1845
1878
1569
1765
2919
3952
1892
1471
2546
1238
1892
2332
4765
8195
6189
12795
3483
2445
1556
2443
2337
3405
1952
1687
3363
1434
1961
6902
3943
2475
2563
2838
2275
5358
2510
1664
1202
3252
2717
1634
1411
2308
2222
1808
2016
1947
1368
1123
1040
850
620
1665
2559
1683
2175
1576
1599
1983
774
919
1116
1290
1651
2424
1747
1507
1658
1818
1752
1247
1374
2863
2043
