2674
2880
2185
3245
1937
1082
1043
996
1139
1573
2491
2313
846
985
1284
1774
2485
2303
2162
1992
1382
3095
1366
1642
1427
3310
1512
1445
2402
3317
1563
1505
2330
1421
1533
4131
3058
4495
3005
4783
3912
2827
3078
3720
2271
2236
2884
3498
4348
2842
1950
1474
2751
2352
2424
1986
2011
3673
5010
5068
2669
4099
2880
4453
4816
2259
4289
4298
7795
8167
2228
2301
1986
1744
4817
5461
2393
1790
2371
1276
3383
2641
1280
1933
2432
2392
1403
3139
2225
2530
2628
2361
4038
3531
1962
2597
897
1437
1247
1232
1753
2017
1722
5989
2902
2982
3875
9391
12222
10354
7556
9540
7390
6441
4141
3353
5111
3085
3463
3328
5347
4216
4094
3794
3592
1994
2617
2320
2669
1512
3140
4242
3509
4921
3510
1616
3073
2557
5098
3520
2313
1967
5567
4024
3371
4066
1966
2460
2553
5153
3632
3270
2537
2498
3895
1620
1658
3989
4103
4454
3007
2701
2379
3136
2320
1745
4966
2987
4485
1095
4219
7785
2292
6522
12745
7378
5968
3081
1909
3637
1264
2086
1176
2340
1174
2279
2071
2356
1790
2290
2884
1514
1581
3249
3855
3899
1764
2112
2662
1918
1051
3463
800
1155
1838
1766
2184
1303
960
879
1106
2111
3222
1604
2161
4324
1228
1573
1905
1986
968
846
2119
2648
5677
1832
2652
2418
