1799
1342
3159
1360
1892
956
2049
1320
1329
871
965
1874
968
1603
1091
1670
1500
1170
2328
1682
2092
1317
4368
3068
4541
1006
1706
1596
922
1710
3947
3030
2210
1966
5816
5097
2184
1885
4772
2234
1757
2694
1887
2737
2347
2777
4225
2072
3561
3259
2920
4228
4430
4256
13331
8955
5849
4868
5127
3584
2331
3793
3695
3942
1921
1299
2814
2875
1669
2568
2906
2719
4087
4062
6743
3298
4741
1745
2590
1401
2708
2102
2082
1475
2903
4971
2665
2970
3987
6402
2292
577
3070
3651
1641
2654
2377
3431
5164
2694
7439
7693
2780
3788
3747
2208
2325
1861
1426
1805
1494
3963
2352
3166
2673
3730
1725
3630
2943
3374
2544
1733
3418
2042
3070
1695
4399
2142
3227
4938
3204
2063
2369
2412
1243
1215
2116
1959
1455
2455
1299
1562
2832
1857
3018
4083
4161
4414
1547
1600
1946
946
1779
2075
2245
1348
531
1332
1356
1489
263
662
707
1039
1443
1531
1351
1356
1049
1374
1915
2304
2567
1240
3168
1224
