3447
1833
656
915
981
640
1406
2671
1733
1437
1119
1964
576
1612
2012
2473
2284
1788
1620
4686
3575
1904
1962
3453
1837
1341
1391
1273
751
749
1296
1098
5685
2151
2256
3707
6745
8446
5691
5985
5568
6725
3583
3738
2607
1939
3514
3634
2116
4038
2654
1605
2565
3837
7836
1161
2621
4376
4392
4273
6467
3014
3307
3011
1829
4141
2344
5909
2450
1797
2035
1797
4269
2907
2841
4616
3650
3171
5260
3544
4194
4643
4485
925
924
1753
1450
1427
2740
2756
1702
3617
1487
2252
1372
1318
1311
1777
1606
1363
2273
1581
2266
3546
1097
1288
1453
2525
1059
975
2064
4444
3960
1640
4253
2510
3722
