1785
3410
1578
2265
1237
1138
897
1662
1626
2275
1637
1774
905
865
1520
3644
1194
3763
1714
859
3149
911
1807
1747
1173
1369
2334
1624
2136
1595
1316
1789
3653
2625
1862
1842
1335
1382
933
2535
1863
1504
1846
3643
3326
1380
3481
2412
1349
2988
3319
3582
1323
2365
1911
3122
3920
918
1399
1473
1809
2840
1010
2687
1649
1525
2252
2659
2535
3532
3770
2988
5190
3098
1146
3195
9137
1463
2297
1706
1646
3581
2688
1587
2686
3304
978
2096
3386
1437
1384
2498
2080
2544
2350
1639
2806
3747
2647
2133
3746
3138
3676
6366
4732
3714
2399
5062
6916
2714
2536
3591
5320
2264
3130
5576
1260
1377
2979
2475
848
3360
3657
5024
2189
2975
4888
3398
2787
4820
2673
2340
4552
6711
6195
3377
970
2976
3541
1205
1299
2460
2654
1810
2507
2981
4096
3121
943
2381
5087
2723
4159
986
14
212
4120
114
1735
4008
4046
2228
3279
2323
1880
1691
3147
3162
1712
2628
1619
2034
3798
2712
2705
3530
827
1470
1829
3017
3236
1194
2177
1595
3578
4481
2680
4142
2395
5827
1423
3514
2662
6168
3801
1770
2978
3354
2574
3593
3974
4317
7566
3773
5564
2954
4184
5778
4790
4315
3883
3389
2011
1641
2607
1455
2079
1325
1784
1906
2867
2404
2507
1374
2124
1220
3110
3986
5265
2166
1686
2947
3557
1467
2085
4309
1986
4712
3409
4636
3309
493
3133
5986
7081
1611
2313
1937
2261
3520
1657
1580
2525
1811
2666
1553
1312
142
2055
1688
1750
1673
1165
963
1776
3604
3332
2098
1697
1497
738
1690
1311
1599
1508
2228
3799
763
1078
1578
1187
1227
1198
2914
5556
1900
3477
1840
