2815
1793
2763
1604
1941
1116
1773
1333
3071
3742
2954
3297
2814
1087
2982
1435
2664
2499
6026
2005
2091
1557
1949
1123
1740
2206
5010
2559
4308
1497
2983
2291
1387
880
1252
2670
1187
927
3133
3557
4156
3396
1406
5138
5965
6073
3814
3040
2057
3784
1805
1621
2625
1925
1062
2862
3587
6154
3578
5057
5555
3505
1559
1153
2541
10570
10570
10570
7858
4339
1228
3648
2103
2381
4576
6159
3244
1386
1847
2564
2416
5347
4691
2546
3380
1789
4674
1359
1113
2509
2225
3239
5770
4874
5526
3598
5153
4332
7480
3880
1910
4586
2833
1346
1742
2458
2461
7000
3547
4362
4622
4298
5126
4187
4609
4291
3905
2744
3177
2921
3718
2649
811
2773
2779
1559
947
3423
1688
3136
1319
2318
1451
1208
1821
1741
2168
1590
1481
1972
3425
1683
3341
1829
1808
2141
3193
1153
1957
1618
1805
1393
1763
896
1238
1982
2275
918
1239
1782
1663
1884
2033
